#             A_IA,           eta_IA,              b_1,              b_2,              b_3,              b_4,              b_5,              b_6,              b_7,              b_8,              b_9,             b_10,               H0,          omega_b,        omega_cdm,              n_s,     ln10^{10}A_s,          Omega_m,           sigma8
 6.248785e-04	-5.872224e-04	-4.043708e-06	-2.615335e-06	-1.391684e-06	-2.883734e-06	-9.468765e-07	-1.499227e-06	-1.998327e-06	 1.492486e-06	-3.518752e-06	 1.494282e-06	-1.561421e-04	 2.395626e-08	-1.416113e-06	 3.844803e-06	 1.642986e-05	-1.629870e-06	 1.287347e-06	
-5.872224e-04	 6.465371e-04	-9.287637e-06	-9.943911e-06	-1.076916e-05	-8.728506e-06	-1.059292e-05	-9.923102e-06	-8.997326e-06	-1.177877e-05	-6.912416e-06	-1.126147e-05	-2.099110e-04	-9.598598e-07	-1.881203e-06	 1.410772e-07	 1.709377e-05	-4.216557e-06	 4.664839e-06	
-4.043708e-06	-9.287637e-06	 1.120608e-05	 8.609800e-06	 1.000206e-05	 8.973981e-06	 9.529356e-06	 8.823802e-06	 9.019875e-06	 8.426274e-06	 8.514019e-06	 8.217398e-06	 1.240354e-04	 5.101674e-07	 1.785722e-06	-1.556688e-06	-2.150375e-05	 3.908491e-06	-4.602076e-06	
-2.615335e-06	-9.943911e-06	 8.609800e-06	 1.117594e-05	 9.235581e-06	 1.019820e-05	 9.713204e-06	 9.488157e-06	 9.820760e-06	 9.071908e-06	 9.528628e-06	 8.795591e-06	-1.483422e-04	 2.400129e-07	 8.844280e-07	 3.672221e-07	-1.644678e-05	 3.916865e-06	-4.791616e-06	
-1.391684e-06	-1.076916e-05	 1.000206e-05	 9.235581e-06	 1.262429e-05	 8.644058e-06	 1.107713e-05	 9.480255e-06	 1.032772e-05	 9.697047e-06	 9.917867e-06	 9.239031e-06	-3.266017e-04	 7.892429e-08	 2.877570e-07	 1.448871e-06	-1.254892e-05	 3.927384e-06	-4.877933e-06	
-2.883734e-06	-8.728506e-06	 8.973981e-06	 1.019820e-05	 8.644058e-06	 1.378247e-05	 7.894214e-06	 1.098985e-05	 9.705624e-06	 9.713452e-06	 1.012701e-05	 9.186802e-06	-5.173822e-04	-1.602244e-07	-3.422264e-07	 2.180001e-06	-8.836486e-06	 3.835154e-06	-4.789956e-06	
-9.468765e-07	-1.059292e-05	 9.529356e-06	 9.713204e-06	 1.107713e-05	 7.894214e-06	 1.586172e-05	 6.742713e-06	 1.220027e-05	 9.287827e-06	 1.040777e-05	 9.729155e-06	-4.840812e-04	-6.672177e-08	-2.655802e-07	 2.501051e-06	-8.914425e-06	 3.903354e-06	-4.900526e-06	
-1.499227e-06	-9.923102e-06	 8.823802e-06	 9.488157e-06	 9.480255e-06	 1.098985e-05	 6.742713e-06	 1.627814e-05	 6.366033e-06	 1.153054e-05	 9.376579e-06	 1.102289e-05	-9.704045e-04	-7.479332e-07	-1.787756e-06	 3.934725e-06	-9.690866e-07	 3.658410e-06	-4.645300e-06	
-1.998327e-06	-8.997326e-06	 9.019875e-06	 9.820760e-06	 1.032772e-05	 9.705624e-06	 1.220027e-05	 6.366033e-06	 1.729284e-05	 6.543408e-06	 1.177982e-05	 7.697390e-06	-8.703254e-04	-5.224199e-07	-1.516246e-06	 3.906386e-06	-1.207003e-06	 3.804501e-06	-4.790730e-06	
 1.492486e-06	-1.177877e-05	 8.426274e-06	 9.071908e-06	 9.697047e-06	 9.713452e-06	 9.287827e-06	 1.153054e-05	 6.543408e-06	 1.607802e-05	 7.411950e-06	 1.402921e-05	-1.060721e-03	-8.214509e-07	-2.166358e-06	 4.760637e-06	 2.118076e-06	 3.523909e-06	-4.526945e-06	
-3.518752e-06	-6.912416e-06	 8.514019e-06	 9.528628e-06	 9.917867e-06	 1.012701e-05	 1.040777e-05	 9.376579e-06	 1.177982e-05	 7.411950e-06	 1.575543e-05	 5.042923e-07	-1.163472e-03	-8.915171e-07	-2.504345e-06	 5.313242e-06	 4.582953e-06	 3.588542e-06	-4.635034e-06	
 1.494282e-06	-1.126147e-05	 8.217398e-06	 8.795591e-06	 9.239031e-06	 9.186802e-06	 9.729155e-06	 1.102289e-05	 7.697390e-06	 1.402921e-05	 5.042923e-07	 4.703106e-05	-1.309191e-03	-1.238085e-06	-2.832861e-06	 5.278163e-06	 3.867802e-06	 3.492633e-06	-4.454577e-06	
-1.561421e-04	-2.099110e-04	 1.240354e-04	-1.483422e-04	-3.266017e-04	-5.173822e-04	-4.840812e-04	-9.704045e-04	-8.703254e-04	-1.060721e-03	-1.163472e-03	-1.309191e-03	 1.776249e+00	 2.390280e-03	 5.227827e-03	-4.896325e-03	-2.492980e-02	-7.495439e-05	 6.157472e-05	
 2.395626e-08	-9.598598e-07	 5.101674e-07	 2.400129e-07	 7.892429e-08	-1.602244e-07	-6.672177e-08	-7.479332e-07	-5.224199e-07	-8.214509e-07	-8.915171e-07	-1.238085e-06	 2.390280e-03	 3.367406e-06	 6.966470e-06	-5.991300e-06	-3.133228e-05	 7.973064e-08	-1.003604e-07	
-1.416113e-06	-1.881203e-06	 1.785722e-06	 8.844280e-07	 2.877570e-07	-3.422264e-07	-2.655802e-07	-1.787756e-06	-1.516246e-06	-2.166358e-06	-2.504345e-06	-2.832861e-06	 5.227827e-03	 6.966470e-06	 1.572079e-05	-1.513588e-05	-7.901671e-05	 3.595926e-07	-4.830067e-07	
 3.844803e-06	 1.410772e-07	-1.556688e-06	 3.672221e-07	 1.448871e-06	 2.180001e-06	 2.501051e-06	 3.934725e-06	 3.906386e-06	 4.760637e-06	 5.313242e-06	 5.278163e-06	-4.896325e-03	-5.991300e-06	-1.513588e-05	 1.947926e-05	 8.101055e-05	-6.700011e-08	-2.755308e-07	
 1.642986e-05	 1.709377e-05	-2.150375e-05	-1.644678e-05	-1.254892e-05	-8.836486e-06	-8.914425e-06	-9.690866e-07	-1.207003e-06	 2.118076e-06	 4.582953e-06	 3.867802e-06	-2.492980e-02	-3.133228e-05	-7.901671e-05	 8.101055e-05	 4.592007e-04	-6.551139e-06	 9.069055e-06	
-1.629870e-06	-4.216557e-06	 3.908491e-06	 3.916865e-06	 3.927384e-06	 3.835154e-06	 3.903354e-06	 3.658410e-06	 3.804501e-06	 3.523909e-06	 3.588542e-06	 3.492633e-06	-7.495439e-05	 7.973064e-08	 3.595926e-07	-6.700011e-08	-6.551139e-06	 1.694683e-06	-1.883105e-06	
 1.287347e-06	 4.664839e-06	-4.602076e-06	-4.791616e-06	-4.877933e-06	-4.789956e-06	-4.900526e-06	-4.645300e-06	-4.790730e-06	-4.526945e-06	-4.635034e-06	-4.454577e-06	 6.157472e-05	-1.003604e-07	-4.830067e-07	-2.755308e-07	 9.069055e-06	-1.883105e-06	 2.377474e-06	
