#             A_IA,           eta_IA,              b_1,              b_2,              b_3,              b_4,              b_5,              b_6,              b_7,              b_8,              b_9,             b_10,      log10_Gamma,         log10_vk,               H0,          omega_b,        omega_cdm,              n_s,     ln10^{10}A_s,          Omega_m,           sigma8
 6.218820e-04	-5.890171e-04	-1.627318e-06	-1.742803e-06	-7.877675e-07	-1.104793e-06	-8.955865e-07	-2.287775e-06	-1.296337e-06	-1.192070e-06	-1.744391e-06	 7.342802e-07	-2.284501e-04	-1.605619e-04	 1.435283e-03	 1.742284e-06	 3.809573e-06	-4.274637e-06	-1.851717e-05	-1.381752e-06	 2.675275e-07	
-5.890171e-04	 6.591949e-04	-1.360635e-05	-1.208683e-05	-1.268479e-05	-1.205099e-05	-1.241941e-05	-1.050937e-05	-1.087105e-05	-1.083018e-05	-9.897598e-06	-1.138355e-05	 2.107848e-05	-1.636645e-04	-9.070982e-04	-1.878927e-06	-4.362539e-06	 2.389566e-06	 3.422527e-05	-5.224737e-06	 5.648779e-06	
-1.627318e-06	-1.360635e-05	 1.250382e-05	 9.552790e-06	 1.082309e-05	 9.755922e-06	 1.038328e-05	 9.656656e-06	 9.707318e-06	 9.467709e-06	 9.097775e-06	 8.699438e-06	 6.540216e-05	 2.376025e-04	-3.809672e-04	 2.109402e-08	 3.194638e-07	 1.789162e-06	-1.283921e-05	 4.406023e-06	-4.599655e-06	
-1.742803e-06	-1.208683e-05	 9.552790e-06	 1.180345e-05	 9.790205e-06	 1.063238e-05	 1.036755e-05	 1.029200e-05	 1.012645e-05	 1.004879e-05	 9.620973e-06	 9.605731e-06	 2.500471e-05	 2.011942e-04	-4.829829e-04	-6.762867e-08	-1.039653e-07	 2.930367e-06	-1.034242e-05	 4.245911e-06	-4.747677e-06	
-7.877675e-07	-1.268479e-05	 1.082309e-05	 9.790205e-06	 1.332854e-05	 8.977646e-06	 1.173999e-05	 9.999033e-06	 1.066605e-05	 1.037515e-05	 1.008788e-05	 9.712654e-06	 5.451466e-05	 1.804287e-04	-6.364931e-04	-2.258489e-07	-6.033242e-07	 3.722765e-06	-7.316378e-06	 4.242481e-06	-4.823102e-06	
-1.104793e-06	-1.205099e-05	 9.755922e-06	 1.063238e-05	 8.977646e-06	 1.429308e-05	 8.242557e-06	 1.177852e-05	 9.716220e-06	 1.061666e-05	 9.867342e-06	 1.029436e-05	 5.955208e-05	 1.866268e-04	-8.286924e-04	-4.832905e-07	-1.238156e-06	 4.604896e-06	-3.838548e-06	 4.104307e-06	-4.721994e-06	
-8.955865e-07	-1.241941e-05	 1.038328e-05	 1.036755e-05	 1.173999e-05	 8.242557e-06	 1.670428e-05	 7.385321e-06	 1.254757e-05	 1.021944e-05	 1.075460e-05	 9.928201e-06	 7.659308e-05	 1.759666e-04	-9.308842e-04	-5.293969e-07	-1.581467e-06	 5.264898e-06	-1.091671e-06	 4.207403e-06	-4.858230e-06	
-2.287775e-06	-1.050937e-05	 9.656656e-06	 1.029200e-05	 9.999033e-06	 1.177852e-05	 7.385321e-06	 1.721849e-05	 6.820572e-06	 1.246013e-05	 9.800825e-06	 1.129286e-05	 2.096450e-05	 2.025914e-04	-1.311065e-03	-1.079013e-06	-2.740266e-06	 6.416600e-06	 4.433617e-06	 4.044295e-06	-4.718161e-06	
-1.296337e-06	-1.087105e-05	 9.707318e-06	 1.012645e-05	 1.066605e-05	 9.716220e-06	 1.254757e-05	 6.820572e-06	 1.752548e-05	 7.275197e-06	 1.177396e-05	 8.128004e-06	 5.865360e-05	 1.784384e-04	-1.133820e-03	-7.827475e-07	-2.282941e-06	 6.298507e-06	 3.349239e-06	 4.008660e-06	-4.682221e-06	
-1.192070e-06	-1.083018e-05	 9.467709e-06	 1.004879e-05	 1.037515e-05	 1.061666e-05	 1.021944e-05	 1.246013e-05	 7.275197e-06	 1.707306e-05	 8.094936e-06	 1.486912e-05	 7.525649e-06	 2.000037e-04	-1.647341e-03	-1.482531e-06	-3.828783e-06	 7.843263e-06	 1.077178e-05	 3.942753e-06	-4.685816e-06	
-1.744391e-06	-9.897598e-06	 9.097775e-06	 9.620973e-06	 1.008788e-05	 9.867342e-06	 1.075460e-05	 9.800825e-06	 1.177396e-05	 8.094936e-06	 1.528277e-05	 1.429542e-06	-7.516230e-06	 2.071803e-04	-1.463926e-03	-1.198708e-06	-3.390184e-06	 7.618458e-06	 1.006159e-05	 3.781163e-06	-4.509173e-06	
 7.342802e-07	-1.138355e-05	 8.699438e-06	 9.605731e-06	 9.712654e-06	 1.029436e-05	 9.928201e-06	 1.129286e-05	 8.128004e-06	 1.486912e-05	 1.429542e-06	 4.714941e-05	-6.419809e-05	 2.016739e-04	-1.687021e-03	-1.662071e-06	-3.945652e-06	 7.652354e-06	 9.863018e-06	 3.661175e-06	-4.559326e-06	
-2.284501e-04	 2.107848e-05	 6.540216e-05	 2.500471e-05	 5.451466e-05	 5.955208e-05	 7.659308e-05	 2.096450e-05	 5.865360e-05	 7.525649e-06	-7.516230e-06	-6.419809e-05	 1.710823e-01	-4.266776e-02	-2.715783e-02	-3.034812e-05	-7.373289e-05	 2.208251e-04	 4.667264e-04	 2.800883e-05	 6.251336e-05	
-1.605619e-04	-1.636645e-04	 2.376025e-04	 2.011942e-04	 1.804287e-04	 1.866268e-04	 1.759666e-04	 2.025914e-04	 1.784384e-04	 2.000037e-04	 2.071803e-04	 2.016739e-04	-4.266776e-02	 5.314244e-02	-7.222927e-02	-6.104523e-05	-2.078392e-04	 4.773781e-04	 1.221574e-03	 9.109312e-05	-6.101099e-05	
 1.435283e-03	-9.070982e-04	-3.809672e-04	-4.829829e-04	-6.364931e-04	-8.286924e-04	-9.308842e-04	-1.311065e-03	-1.133820e-03	-1.647341e-03	-1.463926e-03	-1.687021e-03	-2.715783e-02	-7.222927e-02	 2.128367e+00	 2.804286e-03	 6.226673e-03	-6.519290e-03	-3.032021e-02	-2.499322e-04	 1.087836e-04	
 1.742284e-06	-1.878927e-06	 2.109402e-08	-6.762867e-08	-2.258489e-07	-4.832905e-07	-5.293969e-07	-1.079013e-06	-7.827475e-07	-1.482531e-06	-1.198708e-06	-1.662071e-06	-3.034812e-05	-6.104523e-05	 2.804286e-03	 3.878396e-06	 8.135723e-06	-7.651986e-06	-3.740219e-05	-8.223301e-08	-4.154732e-08	
 3.809573e-06	-4.362539e-06	 3.194638e-07	-1.039653e-07	-6.033242e-07	-1.238156e-06	-1.581467e-06	-2.740266e-06	-2.282941e-06	-3.828783e-06	-3.390184e-06	-3.945652e-06	-7.373289e-05	-2.078392e-04	 6.226673e-03	 8.135723e-06	 1.855036e-05	-1.980346e-05	-9.433259e-05	-1.499032e-07	-3.319700e-07	
-4.274637e-06	 2.389566e-06	 1.789162e-06	 2.930367e-06	 3.722765e-06	 4.604896e-06	 5.264898e-06	 6.416600e-06	 6.298507e-06	 7.843263e-06	 7.618458e-06	 7.652354e-06	 2.208251e-04	 4.773781e-04	-6.519290e-03	-7.651986e-06	-1.980346e-05	 2.924960e-05	 1.082515e-04	 1.205320e-06	-5.861014e-07	
-1.851717e-05	 3.422527e-05	-1.283921e-05	-1.034242e-05	-7.316378e-06	-3.838548e-06	-1.091671e-06	 4.433617e-06	 3.349239e-06	 1.077178e-05	 1.006159e-05	 9.863018e-06	 4.667264e-04	 1.221574e-03	-3.032021e-02	-3.740219e-05	-9.433259e-05	 1.082515e-04	 5.451879e-04	-3.437347e-06	 8.325696e-06	
-1.381752e-06	-5.224737e-06	 4.406023e-06	 4.245911e-06	 4.242481e-06	 4.104307e-06	 4.207403e-06	 4.044295e-06	 4.008660e-06	 3.942753e-06	 3.781163e-06	 3.661175e-06	 2.800883e-05	 9.109312e-05	-2.499322e-04	-8.223301e-08	-1.499032e-07	 1.205320e-06	-3.437347e-06	 1.875779e-06	-1.875623e-06	
 2.675275e-07	 5.648779e-06	-4.599655e-06	-4.747677e-06	-4.823102e-06	-4.721994e-06	-4.858230e-06	-4.718161e-06	-4.682221e-06	-4.685816e-06	-4.509173e-06	-4.559326e-06	 6.251336e-05	-6.101099e-05	 1.087836e-04	-4.154732e-08	-3.319700e-07	-5.861014e-07	 8.325696e-06	-1.875623e-06	 2.384420e-06	
